EXE,OCM,OCE,OCS,TER,TET,TEA,TEE
0,0.0054,0.2620,0.2392,0.0000,0.0000,891.4597,0.0000
1,0.0048,0.2245,0.2391,0.0000,19.3265,672.2612,12.3991
2,0.0086,0.2823,0.2371,0.0000,0.0000,764.3808,0.0000
3,0.0063,0.2328,0.2422,0.0000,22.2887,970.5642,0.0000
4,0.0052,0.2360,0.2361,0.0000,0.0000,750.1485,0.0000
5,0.0048,0.2675,0.2409,0.0000,0.0000,536.1688,0.0000
6,0.0048,0.2524,0.2377,0.0000,0.0000,481.5010,0.0000
7,0.0051,0.2698,0.2475,0.0000,21.3896,568.1795,0.0000
8,0.0074,0.2553,0.2448,0.0000,24.7261,617.3378,0.0000
9,0.0049,0.2741,0.2328,0.0000,0.0000,1099.3215,0.0000
10,0.0054,0.2680,0.2378,0.0000,0.0000,741.5470,0.0000
11,0.0079,0.2610,0.2406,0.0000,0.0000,518.1499,0.0000
12,0.0058,0.2868,0.2405,0.0000,18.9960,262.7660,0.0000
13,0.0064,0.2321,0.2423,0.0000,22.1136,435.0597,0.0000
14,0.0093,0.2833,0.2417,0.0000,20.0618,891.5572,0.0000
15,0.0043,0.3045,0.2403,0.0000,23.9970,601.4315,0.0000
16,0.0047,0.2661,0.2411,0.0000,19.1928,780.5776,13.6050
17,0.0078,0.2310,0.2426,0.0000,19.9820,941.0047,0.0000
18,0.0085,0.2300,0.2395,0.0000,24.8709,721.1093,0.0000
19,0.0064,0.2483,0.2304,0.0000,0.0000,565.2478,0.0000
20,0.0054,0.2724,0.2406,0.0000,19.4903,665.6298,0.0000
21,0.0053,0.2345,0.2397,0.0000,20.7200,743.9379,0.0000
22,0.0094,0.2802,0.2372,0.0000,0.0000,528.4781,0.0000
23,0.0048,0.2359,0.2406,0.0000,0.0000,870.0370,0.0000
24,0.0062,0.2967,0.2417,0.0000,0.0000,812.1787,0.0000
25,0.0065,0.2344,0.2410,0.0000,20.9501,546.2783,0.0000
26,0.0052,0.2351,0.2438,0.0000,0.0000,837.4182,0.0000
27,0.0059,0.2864,0.2357,0.0000,26.6122,712.0794,0.0000
28,0.0052,0.2424,0.2389,0.0000,0.0000,797.8247,0.0000
29,0.0059,0.2538,0.2403,0.0000,0.0000,928.6501,0.0000
30,0.0053,0.2107,0.2438,0.0000,0.0000,454.1360,21.2678
31,0.0051,0.2838,0.2401,0.0000,0.0000,997.2658,0.0000
32,0.0079,0.2890,0.2355,0.0000,20.1501,827.1033,0.0000
33,0.0059,0.2478,0.2380,0.0000,22.3662,597.2125,0.0000
34,0.0070,0.2635,0.2376,0.0000,0.0000,824.9162,0.0000
35,0.0050,0.3005,0.2413,0.0000,20.2431,368.0960,0.0000
36,0.0047,0.2646,0.2417,0.0000,0.0000,671.0506,15.3781
37,0.0053,0.1943,0.2393,0.0000,0.0000,357.5906,0.0000
38,0.0068,0.2122,0.2402,0.0000,0.0000,694.8925,0.0000
39,0.0055,0.2232,0.2395,0.0000,21.5452,675.4617,0.0000
40,0.0080,0.2280,0.2390,0.0000,0.0000,637.0110,0.0000
41,0.0058,0.2581,0.2414,0.0000,0.0000,670.9995,0.0000
42,0.0061,0.2833,0.2422,0.0000,0.0000,835.7265,0.0000
43,0.0064,0.2388,0.2432,0.0000,22.2189,492.2937,0.0000
44,0.0049,0.2239,0.2397,0.0000,22.1988,744.2165,14.8090
45,0.0068,0.2499,0.2384,0.0000,24.2674,280.6549,0.0000
46,0.0053,0.2117,0.2409,0.0000,0.0000,832.5527,0.0000
47,0.0048,0.2689,0.2355,0.0000,0.0000,280.5303,0.0000
48,0.0061,0.2372,0.2393,0.0000,21.7990,1117.2807,0.0000
49,0.0056,0.2349,0.2448,0.0000,0.0000,468.6163,0.0000
50,0.0059,0.2647,0.2394,0.0000,23.0315,456.2156,0.0000
51,0.0096,0.2407,0.2378,0.0000,0.0000,850.2466,0.0000
52,0.0084,0.2571,0.2369,0.0000,0.0000,788.6792,0.0000
53,0.0071,0.2227,0.2414,0.0000,0.0000,764.5660,0.0000
54,0.0073,0.2416,0.2366,0.0000,21.7878,703.4287,0.0000
55,0.0057,0.2854,0.2389,0.0000,21.8236,563.3444,0.0000
56,0.0078,0.2624,0.2414,0.0000,0.0000,913.3343,0.0000
57,0.0050,0.2560,0.2390,0.0000,0.0000,517.4823,0.0000
58,0.0046,0.2067,0.2355,0.0000,0.0000,673.8389,0.0000
59,0.0054,0.2763,0.2453,0.0000,0.0000,789.2753,0.0000
60,0.0088,0.2800,0.2349,0.0000,0.0000,540.0604,0.0000
61,0.0070,0.2713,0.2386,0.0000,22.2421,696.0943,0.0000
62,0.0049,0.2253,0.2451,0.0000,0.0000,678.0340,22.2767
63,0.0048,0.2185,0.2407,0.0000,0.0000,901.1423,13.4277
64,0.0055,0.2328,0.2388,0.0000,0.0000,450.5895,0.0000
65,0.0047,0.2163,0.2365,0.0000,0.0000,634.3210,0.0000
66,0.0047,0.2479,0.2397,0.0000,20.8708,703.8718,0.0000
67,0.0049,0.2754,0.2408,0.0000,21.7086,681.0952,0.0000
68,0.0049,0.2576,0.2406,0.0000,21.8940,529.8258,0.0000
69,0.0071,0.2626,0.2388,0.0000,0.0000,505.3759,0.0000
70,0.0067,0.2929,0.2427,0.0000,0.0000,821.5459,0.0000
71,0.0087,0.2289,0.2349,0.0000,0.0000,418.8221,0.0000
72,0.0075,0.2170,0.2402,0.0000,0.0000,554.0056,0.0000
73,0.0049,0.3191,0.2347,0.0000,0.0000,435.4748,0.0000
74,0.0081,0.2606,0.2395,0.0000,0.0000,661.6873,0.0000
75,0.0067,0.2700,0.2379,0.0000,0.0000,819.2240,0.0000
76,0.0091,0.2316,0.2391,0.0000,22.1990,721.5358,0.0000
77,0.0055,0.2234,0.2451,0.0000,0.0000,420.2437,0.0000
78,0.0094,0.2315,0.2365,0.0000,0.0000,481.1481,0.0000
79,0.0066,0.2416,0.2392,0.0000,0.0000,666.8318,21.0887
80,0.0089,0.2593,0.2381,0.0000,24.9496,396.3431,0.0000
81,0.0065,0.2323,0.2432,0.0000,22.1752,855.8456,0.0000
82,0.0063,0.2221,0.2387,0.0000,0.0000,430.7688,0.0000
83,0.0071,0.2655,0.2402,0.0000,0.0000,890.0963,0.0000
84,0.0093,0.2857,0.2380,0.0000,0.0000,756.9922,0.0000
85,0.0083,0.2284,0.2374,0.0000,0.0000,661.5952,0.0000
86,0.0084,0.2632,0.2360,0.0000,0.0000,705.3479,0.0000
87,0.0049,0.2293,0.2417,0.0000,0.0000,345.0252,0.0000
88,0.0081,0.2513,0.2382,0.0000,0.0000,758.4410,0.0000
89,0.0051,0.2367,0.2403,0.0000,0.0000,667.0641,0.0000
90,0.0090,0.2528,0.2371,0.0000,20.4918,627.3821,0.0000
91,0.0078,0.2384,0.2394,0.0000,0.0000,727.5225,0.0000
92,0.0070,0.2687,0.2432,0.0000,20.8019,484.1063,0.0000
93,0.0066,0.2292,0.2421,0.0000,0.0000,594.4547,0.0000
94,0.0055,0.2559,0.2376,0.0000,0.0000,278.1030,0.0000
95,0.0060,0.2072,0.2411,0.0000,0.0000,533.3968,0.0000
96,0.0087,0.2616,0.2418,0.0000,21.4930,593.0689,0.0000
97,0.0076,0.2020,0.2367,0.0000,32.4579,997.4441,0.0000
98,0.0052,0.1918,0.2420,0.0000,22.0962,925.1822,0.0000
99,0.0095,0.2260,0.2427,0.0000,21.7376,590.7632,0.0000
